avg_g2o=0.354276
avg_g2op=0.305712
